PLL attempt direct-coupled to tank circuit & switching elements (driver+switch delay shortens out)

$ 1 0.000001 15.472767971186109 60 5 50
158 416 192 448 192 0
c 512 192 512 224 0 0.000001 -1.828638656613452
r 512 256 576 256 0 3000
r 512 288 576 288 0 100000
w 576 256 576 288 0
g 576 288 576 320 0
w 128 176 128 288 0
O 128 288 80 288 0
a 336 96 416 96 1 15 -15 1000000 4.976222840646613 4.976272602875019
w 320 80 336 80 0
w 336 112 336 160 0
w 336 160 416 96 0
161 128 144 176 144 0
r 224 144 272 144 0 150
w 304 144 320 80 0
c 304 144 304 240 0 0.000009999999999999999 4.976272602875019
r 272 144 304 144 0 470
g 304 240 304 256 0
r 416 96 416 192 0 1000
182 224 288 128 288 0 0.5 2 3
w 304 288 416 288 0
r 304 288 224 288 0 1000
c 224 288 224 240 0 0.000002 3.6062121367239577
w 224 240 304 240 0
R 128 400 64 400 0 0 40 0 0 0 0.5
r 208 400 128 400 0 50
l 128 320 128 352 0 0.5 0.043737806346035135
c 128 352 208 400 0 0.0000022 -17.921872103734295
182 224 448 128 448 0 0.5 1.66 3.33
182 48 144 128 144 0 0.5 0 0.25
w 128 320 128 288 0
r 64 352 128 352 0 100000
g 64 352 32 352 0
r 208 400 16 144 0 47000
d 48 144 80 80 1 0.805904783
d 64 352 48 144 1 0.805904783
R 80 80 16 96 0 0 40 5 0 0 0.5
R 208 336 304 352 0 0 40 0 0 0 0.5
r 128 144 208 336 0 1000
183 144 16 224 16 0 0.5 0 0.8
r 16 144 64 352 0 1000000
w 16 144 48 144 0
R 192 80 96 80 0 0 1 5 0 3.141592653589793 0.5
r 304 144 256 80 0 5000
d 256 32 416 192 1 0.805904783
r 416 192 208 336 0 10000
s 192 80 256 80 0 0 false
o 7 64 0 2094 5 0.00009765625 0 -1 0
o 20 64 0 2082 5 0.003125 0 -1 0
o 27 64 0 2081 20 0.1 0 -1 0
o 38 64 0 2082 5 0.003125 0 -1 0
o 35 64 0 2339 5 0.00009765625 1 -1 0
o 45 64 0 2082 5 0.0001953125 1 -1 0
o 15 64 0 2082 5 0.00625 1 -1 0

