$ 1 2e-10 3.3115451958692312 30 12 43
w 752 432 688 336 0
w 656 208 656 400 0
w 688 208 752 208 0
w 832 208 832 160 0
l 752 352 752 304 0 0.000093 0.3649973754172217
z 576 288 576 352 1 0.805904783 15
z 576 288 576 224 1 0.805904783 15
w 480 224 480 352 0
w 480 192 480 224 0
l 832 208 752 208 0 0.00009999999999999999 0.7202546459596231
w 480 160 832 160 0
w 480 192 480 160 0
w 640 336 688 336 0
w 624 336 640 336 0
w 640 176 640 336 0
w 528 176 640 176 0
w 528 400 656 400 0
d 528 224 528 176 1 1.105904783
d 528 352 528 400 1 1.105904783
w 576 288 528 288 0
w 528 352 576 352 0
w 576 224 528 224 0
r 528 288 528 352 0 10000
r 528 224 528 288 0 10000
r 480 352 528 352 0 1000
r 480 224 528 224 0 1000
g 576 288 592 288 0
w 656 208 624 208 0
g 624 240 624 256 0
f 576 224 624 224 0 1.8 0.14
R 480 160 432 160 0 0 40 30 0 0 0.5
g 624 368 624 384 0
f 576 352 624 352 0 1.8 0.14
w 688 320 688 336 0
w 688 208 656 208 0
c 688 272 688 320 0 2e-9 -79.45804691497567
r 752 256 752 208 0 2
w 832 368 752 432 0
g 656 464 656 496 0
r 688 336 656 464 0 3300000
r 576 352 656 464 0 1000000
c 752 256 752 304 0 1e-10 -190.99182371782342
w 832 272 752 208 0
l 832 272 832 368 0 7.5e-7 -6.121799184792697
r 688 272 688 208 0 0.1
c 576 352 528 288 0 1.6000000000000003e-9 1.4693250884703546
c 528 288 576 224 0 1.6000000000000003e-9 -14.211906327652127
r 576 352 528 400 0 1500
r 528 176 576 224 0 1500
c 576 224 576 112 0 3.3e-10 -68.21092315843008
c 576 352 576 464 0 3.3e-10 0.9758963973582282
r 576 112 640 176 0 18
r 576 464 656 400 0 18
c 688 208 640 336 0 1e-8 -79.35187056276457
r 752 432 752 352 0 228
z 624 240 656 208 1 0.805904783 100
z 624 368 640 336 1 0.805904783 100
o 35 64 0 2083 160 3.2 0 -1 0
o 40 64 0 2082 18.707220957835556 0.000022835963083295358 1 -1 0
o 39 64 0 2083 149.65776766268445 0.00009134385233318143 1 -1 0
o 9 64 0 2081 40 1.6 2 -1 0
o 29 64 1 2083 17.498005798264096 9.765625e-105 3 -1 0
o 32 64 1 2083 17.498005798264096 9.765625e-105 4 -1 0
o 29 64 0 2083 160 3.2 5 -1 0
o 30 64 1 2343 40 0.00009765625 6 -1 0
o 54 64 1 2083 80 0.00009765625 7 -1 0

