$ 1 2e-8 1.5642631884188172 31 18 43
w 624 576 400 576 0
w 496 448 528 448 0
z 496 528 496 448 1 0.805904783 18
l 624 80 624 128 0 0.0005 21.39404164416298
w 800 288 800 352 0
f 1088 448 1056 448 0 3 1
r 1136 176 1136 128 0 20000
c 1040 176 624 176 0 0.0000012 -883.1776229574608
w 528 528 624 528 0
w 752 240 912 240 0
w 400 32 528 32 0
r 528 528 528 448 0 15000
w 1040 352 1040 400 0
d 1056 400 1056 432 1 2
w 832 576 1040 576 0
w 624 576 832 576 0
w 624 192 624 288 0
c 1088 480 1056 480 0 1.2000000000000002e-7 16.428283024450746
w 1088 448 1088 480 0
w 1056 464 1056 480 0
d 1040 480 1040 400 1 2.5
w 1040 480 1056 480 0
w 1040 400 1056 400 0
w 624 480 624 528 0
w 1136 448 1088 448 0
w 576 448 528 448 0
w 608 400 624 400 0
w 608 480 624 480 0
d 624 480 624 400 1 2.5
w 608 464 608 480 0
w 576 480 576 448 0
c 576 480 608 480 0 1.2000000000000002e-7 -0.5265014244954791
d 608 400 608 432 1 2
w 624 352 624 400 0
f 576 448 608 448 0 3 1
g 832 576 832 592 0
w 624 128 624 176 0
w 1040 528 992 528 0
w 1040 208 1040 288 0
w 496 528 528 528 0
w 1136 528 1168 528 0
r 1136 528 1136 448 0 15000
z 1168 528 1168 448 1 0.805904783 18
w 1136 448 1168 448 0
w 1040 480 1040 528 0
w 1040 528 1040 576 0
w 624 528 624 576 0
w 1040 528 1136 528 0
f 752 304 752 336 8 2.5 0.19
w 816 384 848 352 0
c 784 336 784 304 0 1e-8 -2.6571032468242564
w 912 304 912 288 0
w 784 336 784 352 0
d 672 352 624 352 1 1.5
w 720 336 736 336 0
w 784 352 800 352 0
w 800 352 816 352 0
w 720 336 720 352 0
w 752 304 752 288 0
w 752 288 752 240 0
w 864 352 880 352 0
w 880 304 912 304 0
w 880 336 880 352 0
w 1040 288 1040 352 0
w 928 336 944 336 0
w 880 336 896 336 0
d 992 352 1040 352 1 1.5
w 944 336 944 352 0
w 752 304 784 304 0
c 880 336 880 304 0 1e-8 -19.626790298887016
f 912 304 912 336 0 2.5 0.19
w 528 384 816 384 0
r 720 352 672 352 0 22
w 848 384 1136 384 0
w 912 240 912 288 0
w 848 384 816 352 0
z 400 576 400 240 1 0.805904783 19
r 400 240 400 32 0 15000
r 864 288 912 288 0 33000
w 576 128 624 128 0
w 576 32 624 32 0
r 624 32 624 80 0 0.2
r 672 288 624 288 0 0.5
r 752 288 800 288 0 33000
w 528 32 576 32 0
d 496 448 496 208 1 2.5
w 496 208 1040 208 0
w 1040 176 1040 208 0
d 1168 448 1168 192 1 2.5
w 624 192 1168 192 0
w 624 176 624 192 0
z 784 352 720 352 1 1 600
z 880 352 944 352 1 1 600
c 672 352 672 288 0 4.7000000000000004e-8 -622.040037705638
T 1040 128 1104 176 0 0.000035 20 91.62514532809077 -0.8011126376501574 0.9
w 1104 128 1136 128 0
w 1104 176 1136 176 0
w 624 128 1040 128 0
c 576 128 576 32 0 4.7000000000000004e-8 579.8468685610023
w 624 288 624 352 0
r 928 400 928 528 0 22000
w 864 288 864 352 0
w 848 352 864 352 0
r 992 352 944 352 0 22
c 992 352 992 288 0 4.7000000000000004e-8 -5.10734579193942
r 992 288 1040 288 0 0.5
c 992 528 992 400 0 1.0000000000000001e-7 0.8282449288635857
w 992 528 928 528 0
w 992 400 928 400 0
w 992 400 992 352 0
c 672 528 672 400 0 1.0000000000000001e-7 -266.28515565247625
w 672 528 624 528 0
w 736 528 672 528 0
r 736 400 736 528 0 22000
w 736 400 672 400 0
w 672 400 672 352 0
w 768 336 784 336 0
w 752 240 400 240 0
r 528 384 528 448 0 1
c 352 576 352 32 0 0.0000022 -307.60833738283185
w 400 576 352 576 0
r 208 -48 160 -48 0 0.5
r 352 32 304 32 0 0.15
w 352 32 400 32 0
r 1136 384 1136 448 0 1
d 272 576 272 352 1 2.5
d 304 576 304 256 1 2.5
d 272 352 272 32 1 2.5
d 304 256 304 32 1 2.5
w 304 576 352 576 0
w 272 576 304 576 0
w 272 32 304 32 0
w 304 256 240 256 0
w 272 352 240 352 0
l 176 256 240 256 0 0.0005 24.318387612368635
l 176 352 240 352 0 0.0005 -24.318336683335975
w 176 352 112 352 0
v 112 256 112 352 0 1 50 325 0 0 0.5
r 176 256 112 256 0 0.1
r 112 576 112 352 0 100000
w 272 576 112 576 0
w 400 240 432 272 0
c 432 544 432 272 0 1.5000000000000002e-8 -19.08771814331669
w 432 544 400 576 0
o 3 64 0 2081 640 51.2 0 -1 0
o 25 64 0 2082 20 6.4 1 -1 0
o 33 64 0 2083 1280 51.2 1 -1 0
o 17 64 0 2082 20 6.4 2 -1 0
o 12 64 0 2083 1280 51.2 2 -1 0
o 7 64 0 2083 1280 204.8 3 -1 0
o 6 64 1 2083 20480 0.00009765625 4 -1 0
o 34 64 1 2083 2394.524282602951 9.765625e-55 5 -1 0
o 5 64 1 2083 2394.524282602951 9.765625e-55 6 -1 0
o 48 64 1 2083 37.41444191567111 9.765625e-55 7 -1 0
o 70 64 1 2083 37.41444191567111 9.765625e-55 8 -1 0
o 137 64 0 2083 640 25.6 9 -1 0

