$ 1 5e-11 1.6308177459886661 19 18 43
w 560 528 304 528 0
l 560 96 560 144 0 0.000022 1.190685282787896
f 928 400 896 400 0 2 0.231
r 784 160 720 160 0 0.02
c 704 160 640 160 0 4.700000000000001e-9 -24.99073276467011
w 864 256 864 336 0
w 720 528 864 528 0
w 560 528 704 528 0
c 944 400 944 448 0 1.2e-9 7.102299685507091
w 832 256 864 256 0
g 176 528 176 544 0
w 640 144 560 144 0
w 1008 400 992 400 0
w 560 496 560 528 0
z 1008 496 1008 448 1 0.805904783 18
w 1008 496 1040 496 0
w 864 448 864 496 0
w 864 496 864 528 0
w 864 192 864 256 0
w 864 496 992 496 0
R 224 48 160 48 0 0 40 24 0 0 0.5
w 688 304 736 256 0
w 1008 400 1040 400 0
w 736 304 688 256 0
w 304 48 560 48 0
r 560 48 560 96 0 0.2
d 384 400 384 224 1 1
w 384 192 816 192 0
w 864 144 864 192 0
d 1040 400 1040 224 1 1
w 608 224 1040 224 0
w 560 144 560 224 0
T 784 48 720 48 0 3.5000000000000004e-7 1 1.6446998373049309 -7.172189778641204 0.4
w 640 128 704 128 0
c 304 528 304 48 0 0.000022 -23.774001215382906
r 304 48 224 48 0 0.2
r 1008 304 1008 400 0 0.01
r 864 192 816 192 0 2
r 608 224 560 224 0 2
w 560 224 560 256 0
c 832 256 784 256 0 1e-9 1.366301791068028
w 832 288 832 256 0
w 864 416 880 416 0
c 384 496 384 400 0 1e-9 0.3169682182780107
w 720 528 704 528 0
r 784 288 832 288 0 10000
r 784 48 864 48 0 5
d 1008 400 1008 448 1 1.6
c 944 400 944 336 0 2e-11 6.060011361724261
r 944 336 864 336 0 0.01
z 832 448 832 336 1 0.9 400
c 864 416 864 384 0 2e-10 -0.5450358656270691
w 880 416 896 416 0
w 864 448 864 416 0
r 944 448 864 448 0 0.01
w 896 384 880 384 0
w 944 400 928 400 0
w 864 384 880 384 0
r 992 400 944 400 0 1
r 864 384 864 336 0 0.9
r 560 384 560 336 0 0.9
w 544 384 560 384 0
r 560 448 480 448 0 0.01
w 560 448 560 416 0
c 560 416 560 384 0 2e-10 -25.98781166146835
r 560 336 480 336 0 0.01
w 544 416 560 416 0
w 560 448 560 496 0
r 480 400 432 400 0 1
c 480 400 480 336 0 2e-11 -26.26460412684245
c 480 400 480 448 0 1.2e-9 -0.07877571178492214
f 480 400 528 400 0 2 0.231
z 592 448 592 336 1 0.9 400
w 528 384 544 384 0
w 528 416 544 416 0
w 784 288 784 256 0
w 736 256 784 256 0
w 560 256 592 256 0
w 592 288 592 256 0
r 592 288 640 288 0 10000
w 640 288 640 256 0
c 640 256 592 256 0 1e-9 -18.680334777510705
w 640 256 688 256 0
w 720 160 704 160 0
w 1008 304 736 304 0
w 688 304 416 304 0
d 416 400 416 448 1 1.6
r 416 304 416 400 0 0.01
w 384 400 416 400 0
z 416 496 416 448 1 0.805904783 18
w 432 400 416 400 0
w 560 256 560 336 0
w 432 496 560 496 0
w 384 496 416 496 0
c 1040 496 1040 400 0 1e-9 -7.496137881242855
w 832 336 864 336 0
w 832 448 864 448 0
w 560 448 592 448 0
w 560 336 592 336 0
d 432 448 432 400 1 0.8
z 432 448 432 496 1 0.805904783 5.1
w 416 496 432 496 0
z 992 448 992 496 1 0.805904783 5.1
d 992 448 992 400 1 0.8
w 992 496 1008 496 0
w 704 128 704 48 0
w 704 48 720 48 0
w 720 80 720 128 0
w 784 128 720 128 0
w 784 128 784 144 0
w 864 80 864 48 0
w 864 80 784 80 0
w 640 160 640 144 0
w 784 160 784 144 0
w 784 144 864 144 0
w 640 128 640 144 0
w 304 528 176 528 0
z 1061 88 1061 136 1 0.805904783 5.1
d 1061 88 1061 40 1 0.8
z 1045 136 1045 88 1 0.805904783 18
d 1045 40 1045 88 1 1.6
x 934 73 1026 76 0 16 2 x 1N4148
x 1078 73 1140 76 0 16 1N4148
x 1079 120 1172 123 0 16 Zener 5.1 V
x 910 119 1026 122 0 16 TVS bidir. 18 V
x 313 336 375 339 0 16 1N4148
x 1050 339 1112 342 0 16 1N4148
w 384 192 384 224 0
f 101 103 149 103 0 2 0.231
x 47 144 243 147 0 16 IRF740LC / IRF740LCPBF
x 51 282 210 285 0 16 Transmitter coil and
x 51 303 274 306 0 16 receiver coil, tight coupling,
x 51 325 141 328 0 16 unmatched
c 96 448 96 496 0 1.2e-9 0.0009850746259714067
c 96 448 96 384 0 2e-11 0.0018955223842439576
r 176 384 96 384 0 0.01
c 176 464 176 432 0 2e-10 0.0009104477582725624
w 176 496 176 464 0
r 176 496 96 496 0 0.01
r 176 432 176 384 0 0.9
x 47 166 252 169 0 16 beta=gfs/(VGS,meas-Vth)
x 184 397 295 400 0 18 RDSon,part*
x 183 475 224 478 0 16 C_DS
x 44 498 85 501 0 16 C_GS
x 44 403 87 406 0 16 C_DG
r 96 448 48 448 0 1
x 21 439 62 442 0 16 R_G,i
x 600 459 752 462 0 16 C_DG = Crss,ave**
x 600 486 747 489 0 16 C_GS = Ciss - Crss
x 600 513 853 516 0 16 C_DS = Coss,ave** - Crss,ave**
x 883 170 1229 173 0 18 *Must ensure by experiment such that
x 230 550 1037 553 0 16 **See Texas Instruments (2002), "APPENDIX A: Estimating MOSFET Parameters from the Data Sheet"
x 891 190 1052 193 0 18 RDSon = VDS/ID |
x 881 210 1174 213 0 18 VDS << Vth ^ VGS = VGS,meas
x 1101 513 1187 516 0 14 by µ~, 2017
x 631 248 790 251 0 16 <-- non-ceramic -->
x 337 86 497 89 0 20 ZVS Transmitter
x 363 109 467 112 0 20 f0 ~4 MHz
T 96 224 160 224 0 4 1 0 0 0.999
x 813 73 833 76 0 16 RL
o 1 64 0 2081 40 1.6 0 -1 0
o 8 64 0 2082 20 0.4 1 -1 0
o 5 64 0 2083 80 3.2 2 -1 0
o 4 64 0 2091 80 12.8 3 -1 0
o 20 64 1 2343 320 0.00009765625 4 -1 0
o 3 64 1 2083 2.5 0.00009765625 5 -1 0
o 2 64 1 2083 16.36695303948071 9.765625000000001e-155 6 -1 0
o 46 64 1 2083 80 0.00009765625 7 -1 0
o 50 64 1 2083 0.0006103515625 0.00009765625 8 -1 0
o 71 64 1 2083 18.707220957835556 9.765625e-55 9 -1 0
